Map<String, dynamic> spindoxLocations = {
  'Milano': [45.4516292, 9.1172732],
  'Maranello': [44.499, 10.8734],
  'Roma': [41.823124, 12.489364],
  'Torino': [45.090473, 7.6598331],
  'Ivrea': [45.0175075, 7.6307396],
  'Trento': [46.0685484, 11.1507754],
  'Cagliari': [39.175, 8.6491],
  'Bari': [41.1171617, 16.8526286],
};
